; Center wavelength [nm]
407.106731349272
410.169934649645
413.233137950019
416.296341250392
419.359544550766
422.422747851139
425.485951151513
428.549154451886
431.612357752259
434.675561052633
437.738764353006
440.80196765338
443.865170953753
446.928374254127
449.9915775545
453.054780854874
456.117984155247
459.18118745562
462.244390755994
465.307594056367
468.370797356741
471.434000657114
474.497203957487
477.560407257861
480.623610558234
483.686813858608
486.750017158981
489.813220459355
492.876423759728
495.939627060102
499.002830360475
502.066033660849
505.129236961222
508.192440261596
511.255643561969
514.318846862343
517.382050162716
520.445253463089
523.508456763463
526.571660063836
529.634863364209
532.698066664583
535.761269964956
538.82447326533
541.887676565703
544.950879866077
548.01408316645
551.077286466824
554.140489767197
557.203693067571
560.266896367944
563.330099668317
566.393302968691
569.456506269064
572.519709569438
575.582912869811
578.646116170185
581.709319470558
584.772522770932
587.835726071305
590.898929371679
593.962132672052
597.025335972425
600.088539272799
603.151742573172
606.214945873545
609.278149173919
612.341352474292
615.404555774666
618.467759075039
621.530962375413
624.594165675786
627.65736897616
630.720572276533
633.783775576907
636.84697887728
639.910182177654
642.973385478027
646.036588778401
649.099792078773
652.162995379147
655.226198679521
658.289401979894
661.352605280267
664.415808580641
667.479011881014
670.542215181388
673.605418481761
676.668621782135
679.731825082508
682.795028382881
685.858231683255
688.921434983629
691.984638284002
695.047841584375
698.111044884748
701.174248185122
704.237451485495
707.300654785869
710.363858086243
713.427061386616
716.490264686989
719.553467987363
722.616671287736
725.67987458811
728.743077888483
731.806281188856
734.86948448923
737.932687789603
740.995891089976
744.05909439035
747.122297690724
750.185500991097
753.248704291471
756.311907591844
759.375110892218
762.438314192591
765.501517492964
768.564720793338
771.627924093712
774.691127394084
777.754330694458
780.817533994832
783.880737295205
786.943940595578
790.007143895952
793.070347196325
796.133550496699
799.196753797072
802.259957097446
805.323160397819
808.386363698193
811.449566998566
814.512770298939
817.575973599313
820.639176899687
823.702380200059
826.765583500433
829.828786800806
832.89199010118
835.955193401553
839.018396701927
842.081600002301
845.144803302674
848.208006603047
851.271209903421
854.334413203794
857.397616504168
860.460819804541
863.524023104914
866.587226405288
869.650429705661
872.713633006034
875.776836306409
878.840039606782
881.903242907155
884.966446207528
888.029649507902
891.092852808276
894.156056108649
897.219259409022
900.282462709396
903.34566600977
906.408869310143
909.472072610516
912.53527591089
915.598479211263
918.661682511636
921.724885812009
924.788089112383
927.851292412757
930.91449571313
933.977699013504
937.040902313877
940.104105614251
943.167308914624
946.230512214997
949.293715515371
952.356918815745
955.420122116117
958.483325416491
961.546528716865
964.609732017238
967.672935317611
970.736138617984
973.799341918359
976.862545218732
979.925748519105
982.988951819478
986.052155119852
989.115358420226
992.178561720599
995.241765020972
998.304968321346
1001.36817162172
1004.43137492209
1007.49457822247
1010.55778152284
1013.62098482321
1016.68418812359
1019.74739142396
1022.81059472433
1025.87379802471
1028.93700132508
1032.00020462545
1035.06340792583
1038.1266112262
1041.18981452657
1044.25301782695
1047.31622112732
1050.37942442769
1053.44262772807
1056.50583102844
1059.56903432882
1062.63223762919
1065.69544092956
1068.75864422994
1071.82184753031
1074.88505083068
1077.94825413106
1081.01145743143
1084.0746607318
1087.13786403218
1090.20106733255
1093.26427063292
1096.3274739333
1099.39067723367
1102.45388053404
1105.51708383442
1108.58028713479
1111.64349043516
1114.70669373554
1117.76989703591
1120.83310033628
1123.89630363666
1126.95950693703
1130.0227102374
1133.08591353778
1136.14911683815
1139.21232013852
1142.2755234389
1145.33872673927
1148.40193003964
1151.46513334002
1154.52833664039
1157.59153994076
1160.65474324114
1163.71794654151
1166.78114984189
1169.84435314226
1172.90755644263
1175.970759743
1179.03396304338
1182.09716634375
1185.16036964413
1188.2235729445
1191.28677624487
1194.34997954525
1197.41318284562
1200.47638614599
1203.53958944637
1206.60279274674
1209.66599604711
1212.72919934749
1215.79240264786
1218.85560594823
1221.91880924861
1224.98201254898
1228.04521584935
1231.10841914973
1234.1716224501
1237.23482575047
1240.29802905085
1243.36123235122
1246.42443565159
1249.48763895197
1252.55084225234
1255.61404555271
1258.67724885309
1261.74045215346
1264.80365545384
1267.86685875421
1270.93006205458
1273.99326535496
1277.05646865533
1280.1196719557
1283.18287525608
1286.24607855645
1289.30928185682
1292.3724851572
1295.43568845757
1298.49889175794
1301.56209505832
1304.62529835869
1307.68850165906
1310.75170495944
1313.81490825981
1316.87811156018
1319.94131486056
1323.00451816093
1326.0677214613
1329.13092476168
1332.19412806205
1335.25733136242
1338.3205346628
1341.38373796317
1344.44694126354
1347.51014456392
1350.57334786429
1353.63655116466
1356.69975446504
1359.76295776541
1362.82616106579
1365.88936436616
1368.95256766653
1372.01577096691
1375.07897426728
1378.14217756765
1381.20538086803
1384.2685841684
1387.33178746877
1390.39499076915
1393.45819406952
1396.52139736989
1399.58460067027
1402.64780397064
1405.71100727101
1408.77421057139
1411.83741387176
1414.90061717213
1417.96382047251
1421.02702377288
1424.09022707325
1427.15343037363
1430.216633674
1433.27983697437
1436.34304027475
1439.40624357512
1442.46944687549
1445.53265017587
1448.59585347624
1451.65905677661
1454.72226007699
1457.78546337736
1460.84866667773
1463.91186997811
1466.97507327848
1470.03827657886
1473.10147987923
1476.1646831796
1479.22788647998
1482.29108978035
1485.35429308072
1488.4174963811
1491.48069968147
1494.54390298184
1497.60710628222
1500.67030958259
1503.73351288296
1506.79671618334
1509.85991948371
1512.92312278408
1515.98632608446
1519.04952938483
1522.1127326852
1525.17593598558
1528.23913928595
1531.30234258632
1534.3655458867
1537.42874918707
1540.49195248744
1543.55515578782
1546.61835908819
1549.68156238857
1552.74476568894
1555.80796898931
1558.87117228968
1561.93437559006
1564.99757889043
1568.06078219081
1571.12398549118
1574.18718879155
1577.25039209193
1580.3135953923
1583.37679869267
1586.44000199305
1589.50320529342
1592.56640859379
1595.62961189417
1598.69281519454
1601.75601849491
1604.81922179529
1607.88242509566
1610.94562839603
1614.00883169641
1617.07203499678
1620.13523829715
1623.19844159753
1626.2616448979
1629.32484819827
1632.38805149865
1635.45125479902
1638.51445809939
1641.57766139977
1644.64086470014
1647.70406800052
1650.76727130089
1653.83047460126
1656.89367790163
1659.95688120201
1663.02008450238
1666.08328780276
1669.14649110313
1672.2096944035
1675.27289770388
1678.33610100425
1681.39930430462
1684.462507605
1687.52571090537
1690.58891420574
1693.65211750612
1696.71532080649
1699.77852410686
1702.84172740724
1705.90493070761
1708.96813400798
1712.03133730836
1715.09454060873
1718.1577439091
1721.22094720948
1724.28415050985
1727.34735381022
1730.4105571106
1733.47376041097
1736.53696371134
1739.60016701172
1742.66337031209
1745.72657361247
1748.78977691284
1751.85298021321
1754.91618351359
1757.97938681396
1761.04259011433
1764.10579341471
1767.16899671508
1770.23220001545
1773.29540331583
1776.3586066162
1779.42180991657
1782.48501321695
1785.54821651732
1788.61141981769
1791.67462311807
1794.73782641844
1797.80102971881
1800.86423301919
1803.92743631956
1806.99063961993
1810.05384292031
1813.11704622068
